time,x,y,z,phi,theta,psi,x_velocity,y_velocity,z_velocity,phi_velocity,theta_velocity,psi_velocity,rotor_speed1,rotor_speed2,rotor_speed3,rotor_speed4
0.06,9.9999999765308,9.999999914106128,10.002730442690012,6.283014362818516,2.9651110208028797e-05,0.0,-2.2929248464205157e-06,-1.0748631487145325e-05,0.0910111255015098,-0.009262568852594362,0.0014647602500473754,0.0,433.1379890791026,433.2611235827887,435.2638732972789,434.48820611241155
0.12000000000000001,9.999998870282372,9.999992940875435,10.01379711244218,6.282048318553727,6.283123744011339,0.0,-3.529968842587246e-05,-0.00030249046700877755,0.2778502426346002,-0.035522427338800386,-0.008282468084973536,0.0,464.7086746926445,463.94416596069385,464.01504509060413,461.94935140395063
0.18,9.9999997495852,9.999939367665688,10.035880305127243,6.279774435014547,6.283045422183745,0.0,9.42321294774352e-05,-0.0017335476220815761,0.45820013085705213,-0.043130429522140024,0.009895860025635087,0.0,461.36570234648923,462.7985250178152,461.8117079221393,461.21066852353795
0.23999999999999996,10.000005988148535,9.99975135288205,10.067290901946718,6.276874078944665,0.0005232951620186554,0.0,4.666426917820689e-05,-0.00482269241089371,0.5887597409388541,-0.0615933334007568,0.013272273452823271,0.0,446.0302342500556,446.30573031986233,448.0505103819162,446.5456518327936
0.3,9.999993065772001,9.999297502584454,10.10855408157639,6.273606916924123,0.0011169667379409276,0.0,-0.0005595072198509653,-0.010707035731065748,0.7865610101416918,-0.043043750817781626,0.002098513687100403,0.0,466.83529309606064,465.96260868096016,467.46814992000884,468.90923450042845
0.36000000000000004,9.999939671164336,9.99847964385632,10.155529948037822,6.270953944817567,0.0011124323644082779,0.0,-0.0012258897284453145,-0.016780344211728356,0.7793038299122546,-0.04666993476743517,-0.004823365254858619,0.0,402.12316147506726,401.49573231847,402.5314134482227,402.20183473683244
0.4200000000000001,9.999843932148291,9.99720719097796,10.205464077523718,6.268170379353,0.0003696063540186145,0.0,-0.0019201334548606774,-0.02592096279177698,0.8850869286910379,-0.04584426230020222,-0.03516604489654096,0.0,440.39313917573236,437.87653992348277,439.6023699142368,439.6694714617492
0.48000000000000015,9.999728880747686,9.995292362146849,10.264133619320083,6.266073427993195,6.281723458427955,0.0,-0.0016904997551559046,-0.038175314275312566,1.0704046197656731,-0.019116379958682785,-0.02256533366215635,0.0,463.8397980254161,464.82789542322087,462.6525256099914,464.7512766694181
0.5400000000000001,9.999665394313434,9.992615529868974,10.332998297270859,6.26497801394301,6.2805964327180845,0.0,-0.0002904150306120627,-0.05117320143933525,1.2249289619750205,-0.01659119685681964,-0.012128821591059233,0.0,454.8564096503277,455.69139219497566,454.7472488498706,454.9495245390417
0.6000000000000002,9.99970958810847,9.989128442852376,10.411483818488758,6.263853858102312,6.279947686523823,0.0,0.0018398432880026364,-0.06517772982039048,1.3910648522600422,-0.023412855773231933,-0.008301727818867424,0.0,458.45262726321135,458.7567064276611,459.53076024369665,458.98980956290023
0.6600000000000003,9.999889997408689,9.984806537524186,10.49830059856384,6.262876951382088,6.279388083604363,0.0,0.004228106292801443,-0.07900372944391165,1.502684531935846,-0.004881992554674043,-0.011459821781892051,0.0,442.7666026725389,442.5068532737106,441.6708876814209,443.1964882678177
0.7200000000000003,10.000243962763863,9.979544860088051,10.596460265744248,6.26327686792013,6.279018805096385,0.0,0.007634056655154062,-0.09636310655065462,1.7689309364926553,0.023192545463281207,0.0027689432700006697,0.0,488.5037085666441,489.5635683900235,487.92919098561805,490.0204006378126
0.7800000000000004,10.000787348393315,9.973357730139389,10.705549889829866,6.264494588198524,6.279039528662679,0.0,0.010468129551077461,-0.10973837257221337,1.8672366173335062,0.01376003499588828,-0.005005852950504876,0.0,440.1333215681344,439.48942550450414,439.527988375805,438.74559190565196
0.8400000000000004,10.001509093675063,9.966360381357076,10.822198501598775,6.265449217252792,6.278640387953892,0.0,0.013627156135405244,-0.12340400587382279,2.0207929666440414,0.019897308064145008,-0.010167467131550915,0.0,457.35582637619393,456.9446710794131,456.5237683317579,457.0130770204054
0.9000000000000005,10.002422009290697,9.958598009056805,10.94622882851872,6.266893154347432,6.277714154454873,0.0,0.01687714066092888,-0.135205129637031,2.1133862789678663,0.0313149686700838,-0.028900425444267557,0.0,440.1609452470055,438.6080430307021,437.2647863024927,438.214946716688
0.9600000000000005,10.003533720373804,9.950211290731312,11.072583290841834,6.269211823954196,6.276555557847207,0.0,0.020298919714568667,-0.1441722278954015,2.0984589534019746,0.050297565099504074,-0.004921961805278463,0.0,402.8954048745671,405.0573886579989,401.91680452586706,403.6343842393279
1.0200000000000005,10.004885504060823,9.941291876675677,11.200846026199748,6.272186233480017,6.276161799381885,0.0,0.02479337288043739,-0.15284428141658257,2.176823453965334,0.04808507074910348,-0.010064488755886374,0.0,434.0539331951865,433.62226916140344,434.88792097170943,434.7041630304789
1.0800000000000005,10.006549205859889,9.931862482631137,11.33846498821778,6.274625385915462,6.275443185522144,0.0,0.030740139952712603,-0.16113187237051735,2.4100169200670454,0.018496634235271765,-0.016105825683943767,0.0,481.9162319038973,481.4595223027056,482.80432409640275,480.5675084504607
1.1400000000000006,10.008542201339315,9.922037023671917,11.484159238069994,6.275599178972561,6.274378868636207,0.0,0.035786216628021304,-0.16628635511112916,2.4463810037901443,0.01126026973470624,-0.021222090842299743,0.0,421.91543506772507,421.47353906737095,422.6200581989911,421.99581521714964
1.2000000000000006,10.010903854357416,9.911881186228522,11.63709661956038,6.276146476924419,6.273676278486217,0.0,0.04304197300383091,-0.17216626314583042,2.651079583868955,0.004458777225712599,0.0025894301953786197,0.0,472.6149674987512,474.44671431705376,475.69576076933396,475.17453954539366
1.2600000000000007,10.013682572501914,9.901406139735975,11.79922163372907,6.2769714417667615,6.274043057244107,0.0,0.04955214197849482,-0.17694016438570614,2.7528486870820212,0.027793033987901537,0.012364136682927645,0.0,444.9352056531737,445.7346396200699,442.115296328211,444.033592099199
1.3200000000000007,10.016865918458896,9.890649856134269,11.970223594389456,6.278423492452905,6.27558920961317,0.0,0.05641272854661988,-0.18141822307286315,2.946740445311849,0.01582346369297835,0.044154939624561795,0.0,471.7496947087039,474.19815762902874,472.91104542978,471.98822044082806
1.3800000000000008,10.020383173573304,9.87967886095974,12.148011449340482,6.280000928144599,6.278012959853694,0.0,0.06059367147943885,-0.18416029812881266,2.97943949796888,0.0416599524377131,0.03155738363430201,0.0,423.8351327654868,422.75194230156734,422.7494156226173,424.97002567947976
1.4400000000000008,10.024104621564575,9.868579491305667,12.326923163417966,6.282434390350543,6.279747105193142,0.0,0.06329438313901872,-0.18560237502073554,2.9842742689327113,0.03825734296512804,0.02298042024651661,0.0,414.9929907073381,414.23973486431083,414.50888830683124,414.2107393482958
1.5000000000000009,10.027976795380868,9.85743519943766,12.511735625307892,0.0021451364152555996,6.280954217949674,0.0,0.06562618131564908,-0.18556881638643988,3.1756318795848677,0.06312809267911629,0.013673466717702969,0.0,472.45163033953577,471.7334531330159,473.1925331554675,475.10442877864017
1.560000000000001,10.031957411844791,9.846358770519243,12.705401568240436,0.0060186728023552405,6.281368119700435,0.0,0.06699130043820488,-0.18325413613060382,3.2796082327481675,0.0672759307966076,-0.012254910742687588,0.0,448.67355606573693,446.56343955280573,447.62600517107705,447.9664458364161
1.620000000000001,10.036025856228425,9.835532041130186,12.909682203986026,0.009673708662714553,6.280663529843842,0.0,0.06871139493860089,-0.1771596771231506,3.5290100540855347,0.04349327989320424,-0.010738830149470463,0.0,491.7286136964792,491.8410496903695,492.1241064303002,490.36269744192725
1.680000000000001,10.040197529749953,9.825090326719756,13.122399296584945,0.012682120234637217,6.280123210393047,0.0,0.07039844305390594,-0.1706380998605984,3.5614578329279225,0.060903892430866594,-0.00574601525919787,0.0,426.07527235972225,426.50205219565186,427.1959195982078,428.67965729254126
1.740000000000001,10.044469271576315,9.81505526503413,13.333769446984798,0.015843218727291664,6.2797410139981285,0.0,0.07202123043036918,-0.16359516978469574,3.484450193720527,0.0262450146706838,-0.007647970528930664,0.0,389.42854841574416,389.2506851214664,392.1554796373427,388.92449753267124
1.8000000000000012,10.048877369849457,9.805648538676419,13.550650383144982,0.01728087151574087,6.280710005284448,0.0,0.07485405842217528,-0.1497854578107232,3.7441001819438413,0.018949631146412797,0.04265721677885541,0.0,494.6571748435738,498.347995071353,494.9717982983974,494.43460653745916
1.8600000000000012,10.053407967387136,9.797004610841842,13.777345440177907,0.018719764354504953,6.283065388918242,0.0,0.07592506528667857,-0.1382221824294337,3.8121763601622334,0.03251159942585699,0.03140075505074863,0.0,441.325243622822,440.3958776636177,438.734889644658,439.8596019028684
1.9200000000000013,10.057959035078593,9.789055066013212,14.006517424378602,0.02085814477822545,0.00134076872507638,0.0,0.07562191154264013,-0.12658000197051147,3.8268383449219634,0.04125713692409506,0.003959739693562989,0.0,424.38210752039583,422.0200764138089,422.99273170864495,423.74587730626655
1.9800000000000013,10.062463400612442,9.781961919537649,14.242072155606307,0.02350829724161141,0.0015727539391914291,0.0,0.07449720779139385,-0.10957351162651285,4.024307641175018,0.04943450471853973,0.0036791130552243315,0.0,480.3493904443349,480.3280326609532,479.25764686631686,479.8797495866799
2.0400000000000014,10.066899941986813,9.775879234441033,14.486375144871564,0.026570805969101663,0.001685023322918866,0.0,0.07337092950966125,-0.09288549089646117,4.118783554472944,0.05407579940815833,-0.002015271096604793,0.0,450.0349809688431,449.5737592785006,450.80122350525454,451.1777488423786
2.1000000000000014,10.071269529058688,9.770827802820046,14.735102972420718,0.0295135026912563,0.0019237243481198263,0.0,0.07227472285351112,-0.07520400736096407,4.171944141908665,0.03637673848596419,0.013864764445077001,0.0,436.8752915306039,438.1974407740894,439.43780212937696,437.96954905121515
2.1600000000000015,10.075561453286612,9.76695099925533,14.989033003272485,0.03207122950172092,0.00284670541668941,0.0,0.07069799628234202,-0.053784418590339854,4.29194014796171,0.05286444303461481,0.018258528424022254,0.0,458.9980050939117,459.34648819905675,458.9090978542025,460.2169815251044
2.2200000000000015,10.07972716895284,9.76453716058039,15.253783607295075,0.03610936087217187,0.0038681303085335017,0.0,0.06803185147432587,-0.026252939114946375,4.532145694877673,0.086653123643984,0.014432316414541393,0.0,495.76545977637807,495.4841137827022,494.11394967835196,496.60144341210315
2.2800000000000016,10.083734013648279,9.76364720930492,15.526570776818277,0.04099810817131644,0.0042744245459980235,0.0,0.06546455844422823,-0.002952795726730066,4.560629714401411,0.06834576560770608,-0.016549849020354987,0.0,435.4949102471475,432.8953339766742,433.8129940751938,432.27828375592725
2.3400000000000016,10.08757618405069,9.764341057011116,15.803429654481574,0.04522476419256183,0.003174295482268441,0.0,0.06271738653140572,0.02649250220634685,4.667550227797263,0.07433974753137725,-0.022169687826800226,0.0,459.27961993527447,458.8337003743342,457.7361673034358,458.21659018134613
2.4000000000000017,10.091273545205578,9.766958820515564,16.08816914594484,0.049451781793072414,0.001767470630376522,0.0,0.06068087677611426,0.06121707281987245,4.823099060498284,0.06124760754514414,-0.026132435362509927,0.0,475.053908293394,474.7499022451214,473.6779695446144,472.6734029682015
2.4600000000000017,10.094886651794447,9.77156502875311,16.378515502658,0.05340786521232488,0.00023019901118104258,0.0,0.059899287503035865,0.0926688767827356,4.8549563137990175,0.07395842264493006,-0.024617960872276513,0.0,436.6219276488824,436.74814399410474,437.5535108576337,438.61380910750955
2.520000000000002,10.09848128480533,9.7782041305195,16.672052994303982,0.05749970287361528,6.281986642624053,0.0,0.06006476418659155,0.12903993480132514,4.92928099924697,0.05303315500536833,-0.022254010599975515,0.0,451.1370757285643,451.3278795844082,451.8537096598589,450.1667356699614
2.580000000000002,10.102110401793416,9.78696104361732,16.967611137842773,0.060821908581870865,6.28053962369593,0.0,0.061025863238849634,0.16314020860297937,4.922662030884103,0.05967462222890603,-0.028130183100257646,0.0,426.9451842751615,426.44335714743323,424.9693768968641,425.5405684322843
2.640000000000002,10.105834658627693,9.798063697874708,17.26667375324786,0.06433069729924057,6.27927116931567,0.0,0.06326761211466164,0.20728924234724191,5.045525516253861,0.05597731915257971,-0.009925356606236207,0.0,465.87067162790595,467.2921085174098,466.8886454775184,466.60225539096916
2.700000000000002,10.109700410772044,9.811628853298732,17.569087960470476,0.06811099027335565,6.278195896933983,0.0,0.06565481188175791,0.24519397186802666,5.034964623101381,0.07426682498349227,-0.043060002772224416,0.0,427.4244662159611,424.5906603366423,425.02069594478166,426.5885585296447
2.760000000000002,10.11374857771375,9.827711967201578,17.87339141644068,0.07290864834206978,6.275331448519509,0.0,0.06954780505407068,0.29134238927508505,5.108114667594218,0.08942764562598257,-0.05929531371442453,0.0,453.45332447954326,452.14563290033914,451.85470924495775,453.08036577069123
2.820000000000002,10.118057946402203,9.84637854828854,18.178243845046417,0.07813604350465209,6.2720810031903955,0.0,0.07436895814819022,0.3313140448595785,5.053828089816674,0.08206624957778459,-0.04551725460071797,0.0,411.6264071430051,412.8418335180799,412.1900129601496,411.54575372898444
2.880000000000002,10.122747092867916,9.867804549803985,18.483334595393572,0.08391395864317008,6.269653399093475,0.0,0.08218026828864827,0.38338738735518396,5.115527794977618,0.11545615180264569,-0.0318946211083065,0.0,448.50178648269963,449.6061197891818,448.5160639422334,451.22739119252896
2.940000000000002,10.127926181744286,9.892328841193878,18.790418249860576,0.09039342461704614,6.2676526450408065,0.0,0.09062805037599131,0.434681432783943,5.1204987467477405,0.08569852632564877,-0.03641837661825145,0.0,431.42235855285395,431.0396888707409,434.22531863545976,431.73152952994815
3.000000000000002,10.133647836792825,9.920037155615162,19.097754069628294,0.09583055471798652,6.265820951081359,0.0,0.1002682789685209,0.48939070640769283,5.123944470212617,0.0989825968531781,-0.020786245519587944,0.0,430.93942914851254,432.2585955854595,431.4571498371172,432.5844686254253
3.0600000000000023,10.139988170544513,9.951183833026318,19.405873105486044,0.10154799373310208,6.264176675418835,0.0,0.11120061503500772,0.5493478516659065,5.14650759990048,0.08664434527881218,-0.04589026777328225,0.0,439.0631130709309,436.97475968363597,438.8662955167946,437.8486428894189
3.1200000000000023,10.147109502902417,9.986499571789912,19.71989875350551,0.10649007982086722,6.261323658347862,0.0,0.12647853298299183,0.6283311244835013,5.32012072038714,0.07204574441680331,-0.051094930086444744,0.0,485.0645171875596,484.6722900076349,485.02230407789716,483.9293514625133
3.1800000000000024,10.155175684149796,10.026479117881772,20.042614885706264,0.11094696047666375,6.257818650241543,0.0,0.14271845102967495,0.704713763953972,5.436440662501746,0.07841236993803317,-0.08002801967455314,0.0,470.75410074772617,468.50711318668584,469.16074277430454,469.6588496899769
3.2400000000000024,10.164225061067839,10.070827230195325,20.369541164276296,0.11549436017494674,6.252823331516954,0.0,0.1593700160163819,0.7739563610730638,5.460884807176067,0.06995203960864543,-0.09064454230251162,0.0,442.5734039529585,441.6928219988927,443.09455289762366,442.4028890625354
3.3000000000000025,10.174356346958675,10.119368103625053,20.69755419271527,0.11941999776952361,6.247549235372578,0.0,0.17881546383725036,0.8444192981134194,5.472723619356804,0.0543558111377076,-0.08291692164915086,0.0,438.3602701219541,438.99551170069856,439.70560734052975,438.41458576096284
3.3600000000000025,10.185831632695969,10.172478233400257,21.028525750344443,0.12411541343913868,6.242764426501857,0.0,0.20416723595105704,0.9262743009764829,5.559122225816897,0.10481951973419507,-0.07406343866691667,0.0,461.9319633157993,462.62484406394816,460.8844107136595,464.8602767634933
3.4200000000000026,10.198852733301075,10.230387589028982,21.362952390470884,0.1309620565972045,6.238133695175634,0.0,0.2302785653795019,1.0046113114605804,5.588136600232137,0.12814499076817673,-0.08427451421886914,0.0,446.1440626096032,445.30465798042155,445.0702822834669,446.98685563376773
3.4800000000000026,10.213573018821894,10.2932532275553,21.700047998679494,0.1385047254856442,6.233171256317471,0.0,0.2608656217835856,1.0915859644362162,5.64789685123884,0.12034130901783358,-0.07974576617490652,0.0,455.49208246889094,455.84879173728456,456.9993390126058,456.3906739776967
3.5400000000000027,10.230236990944444,10.36151385470333,22.040936233321943,0.146018179347287,6.228035519814831,0.0,0.29506104056206495,1.184417549059659,5.714504058088347,0.13353133308086163,-0.10107777561812062,0.0,460.622250457682,458.92586955632123,458.33451728294017,459.3954031136497
3.6000000000000028,10.248889480478322,10.435051447766886,22.38281630261228,0.1548512099743764,6.222357848230631,0.0,0.3271797497926861,1.2675385128067171,5.681445652749778,0.16585582725323988,-0.0841301262435565,0.0,427.8937914669811,429.32630056341065,427.2537828016859,430.02175840743996
3.660000000000003,10.269735322537816,10.514163913559521,22.725453240178698,0.16456569238825214,6.217221381826549,0.0,0.3681498954045623,1.3704127310776764,5.739205350302237,0.15254872689313903,-0.08873795106542995,0.0,458.1750933143033,457.80273366561477,458.39851533691126,457.36363212116424
3.720000000000003,10.292904984811209,10.599052394869144,23.06806227674548,0.17405434414691712,6.21294717278267,0.0,0.40455689673124773,1.4599568498182378,5.68113031839318,0.16746735115411016,-0.049246410243924565,0.0,419.77337584096335,423.182267130781,421.14874926346533,422.46238429601607
3.780000000000003,10.318392795186405,10.689639128863009,23.408135586124907,0.184652919445762,6.209840330783738,0.0,0.4452928947711077,1.5604537685947724,5.654479333416045,0.19053654938470446,-0.057401471430401585,0.0,431.57383379052686,430.8829758684578,432.01205622726707,433.9836660298221
3.840000000000003,10.346504689098998,10.786749458105135,23.748233738487333,0.19570961299123457,6.206414245590745,0.0,0.49206684157019054,1.6775184714301667,5.68161670545552,0.16727698841311003,-0.05650821277098207,0.0,449.48088242547976,449.5510853235831,451.3885051000333,449.5391546768971
3.900000000000003,10.377299274109408,10.890604289095743,24.087539809252036,0.2056840629868022,6.202706204709502,0.0,0.534712430516932,1.785108433184308,5.628516334868255,0.16408666388418386,-0.07533277613659185,0.0,425.46117995973435,423.84296976374713,425.0061993781885,424.76041088262355
3.960000000000003,10.410773765719966,11.0012152267041,24.424311411922226,0.21537690086147787,6.198417777142904,0.0,0.5814725224205625,1.9027038882907163,5.596988213281151,0.15592012884087592,-0.06470156448341555,0.0,430.83761694896657,431.73158042766767,433.4385663648543,432.77709001142745
4.020000000000002,10.44710229551302,11.118980337190397,24.75889221013104,0.22450083758295047,6.194628962140111,0.0,0.6297972939792605,2.0235284863575917,5.555534095020942,0.14296988421173035,-0.06020735022745871,0.0,429.1430972233523,429.52143646125256,429.9341716932993,428.85787707117646
4.080000000000001,10.48668325757189,11.244864713434113,25.094112355723496,0.23323109003015574,6.191200224015681,0.0,0.6898648479513565,2.173297218738126,5.61771710479121,0.15013883754953125,-0.051636706244137756,0.0,463.0844662460066,463.75615920357194,462.8984573713064,463.48117862788655
4.14,10.529622831714756,11.379118626072769,25.429750834390138,0.24192376253660886,6.188383652638098,0.0,0.7416964029455233,2.302516363466977,5.570063849402483,0.13146478092638061,-0.03890810441801921,0.0,429.1428838256573,430.22075251048943,429.6963179596429,428.1302018750827
4.199999999999998,10.575894951649174,11.52170630393798,25.764305703636794,0.25001711189763043,6.186079683232332,0.0,0.8008866512808467,2.4510020314636143,5.5812716284511055,0.14097689002986294,-0.03740142743718372,0.0,448.98794832701736,449.10949377340273,448.8093600254095,449.5973878185174
4.259999999999997,10.625869093482258,11.673620130770487,26.100573331395218,0.2587795156816215,6.1840523048112335,0.0,0.8650684786851658,2.613427867901636,5.626917247808022,0.15460726586285867,-0.027400873399295565,0.0,460.0030270818793,460.79399064342215,461.51921305449133,462.6129060559362
4.319999999999996,10.679607172553686,11.835119971379362,26.438332541200957,0.26762525504167023,6.182115041800614,0.0,0.9263234497157727,2.770571610311935,5.631187129320186,0.12652147705464176,-0.04449387854580379,0.0,449.35739710748624,447.9688886576054,451.6037880050956,449.3516945407307
4.379999999999995,10.73690184634933,12.005782108361903,26.774826224734223,0.2749882034527511,6.179839325751107,0.0,0.9836918199223285,2.9186963555350336,5.585042836966135,0.11375470390402016,-0.02727243181664328,0.0,433.4663216145511,434.91066686069007,434.38866487157406,433.3304583895039
4.439999999999993,10.797458623164646,12.18487506215129,27.106535161944876,0.2817301447206759,6.177988072923187,0.0,1.035019653571894,3.0515682091454432,5.4720899774766805,0.10943476730442889,-0.03920228663433981,0.0,412.20760153428404,411.1513060197067,411.18346304149213,410.81281462645074
4.499999999999992,10.861546497951567,12.37313747487158,27.435276919158827,0.2881583369661582,6.17570573335373,0.0,1.1014057214966915,3.224233012499317,5.485395304633849,0.10209539286612725,-0.035808914692022506,0.0,454.50836349282974,454.7796405411549,453.4271589570737,452.8468423554675
4.559999999999991,10.929847964876647,12.572358774694527,27.76646381965315,0.29410302142372213,6.173683375235333,0.0,1.1754304378854235,3.4167651916143127,5.553272108104554,0.09223901235610873,-0.02980161980277141,0.0,472.0835489375978,472.5465583906318,472.9934245226706,472.2413537191281
4.6199999999999894,11.002482976186373,12.782843719648938,28.100420245885193,0.29978265238496604,6.172004675552968,0.0,1.2458324856555631,3.599664031881332,5.577960007479185,0.09910702636559747,-0.024561136258462887,0.0,460.19566352277536,460.6102002381926,460.6778870467549,461.22798441782794
4.679999999999988,11.079332458055683,13.004288739320787,28.435503797237665,0.3055604795613043,6.171145547488708,0.0,1.315854624676547,3.782119923933841,5.590889799861982,0.08998912708815086,0.000803639444484883,0.0,457.1781175270603,459.19517735093905,458.7790362649492,458.06191487021243
4.739999999999987,11.160520758076517,13.237108840703495,28.772425576918266,0.3104197406198699,6.171198708041846,0.0,1.390322280966816,3.9787289512350377,5.639040140400689,0.04899937909661262,0.0010502568183293425,0.0,470.89807622944255,470.9171374526367,472.27486862234474,469.1063359906058
4.799999999999986,11.24616662586436,13.481770958974147,29.11216837945695,0.3134405783923899,6.171623199449645,0.0,1.4644192191750391,4.176619722076926,5.6850170344641064,0.05291448348741847,0.0170035951816872,0.0,471.49415002947353,472.72526157179266,471.1120475511123,471.41617693462746
4.859999999999984,11.336110681927051,13.737974057191707,29.453535826052015,0.3161842332632654,6.172681515102877,0.0,1.5335471731787158,4.363475461454607,5.693421157849987,0.024747964433740506,0.018879201539022495,0.0,461.0133896435573,461.1615177796904,462.42505396559943,460.2014341342818
4.919999999999983,11.429825139797172,14.004412555428946,29.79237689197445,0.31773221027312903,6.173646264008383,0.0,1.590185155148734,4.5178262852650946,5.601478226450211,0.027823800497809168,0.009791049161469572,0.0,429.2513188031725,428.4790975580948,428.24033789879195,428.50211868957075
4.979999999999982,11.527181996043586,14.280850455659717,30.12797149865812,0.31945646722932874,6.173862467210665,0.0,1.6549487193276344,4.696659186000923,5.584733313728179,0.030505052073086725,-0.013163942372708798,0.0,453.9125331938105,452.066130159979,454.04522471733935,454.2605497889626
5.0399999999999805,11.62805822736569,14.566976987731088,30.459428370129512,0.3209100473925952,6.172814914077534,0.0,1.7076761033915715,4.840944389351609,5.464172755880592,0.007109293702085889,-0.02784526602065506,0.0,419.5179742943789,418.240903278007,419.66684854216413,417.6306949796968
